1

15 7 6
6 12
15 6
7 4
13 12
9 7
4 12
9 14
6 14
1 7
13 10
4 6
10 2
8 12
2 13
14 2
2 4
10 7
12 9
-1 -1
3 13
14 2
6 11
2 6
5 6
10 8
1 3
8 7
13 2
11 3
12 1
9 7
15 13
7 10
7 3
11 13
13 5
6 15
15 4
4 9
3 9
12 5
2 15
12 14
4 1
15 5
13 15
8 1
3 10
9 3
10 1
14 6
6 4
7 11
1 2
2 11
5 9
15 14
7 4
6 14
11 1
4 8
14 15
14 5
12 7
7 5
12 6
9 4
13 11
6 13
15 3
1 9
3 2
10 3
12 8
3 4
10 9
4 12
5 7
6 10
14 7
3 1
12 11
9 1
7 9
10 13
2 14
3 12
7 8
8 10
5 3
10 11
14 3
4 5
14 9
15 8
11 10
8 9
5 15
3 8
11 2
11 15
5 11
5 13
1 5
15 1
14 12
9 12
8 5
6 3
1 12
9 11
11 9
6 12
3 5
2 8
4 15
3 15
7 15
8 4
8 2
7 12
10 7
9 13
13 6
2 4
2 9
4 3
11 6
13 1
6 1
13 9
8 13
15 11
8 12
2 3
14 10
10 2
9 2
1 4
7 6
14 4
1 15
4 11
2 1
2 5
8 3
5 14
10 6
5 2
12 2
9 10
3 7
5 1
15 10
15 12
4 6
13 12
15 9
1 14
12 13
3 14
13 10
15 7
13 14
11 8
7 13
6 7
9 5
1 6
14 8
4 7
2 7
10 5
1 7
12 15
5 8
15 2
1 13
6 9
11 12
10 4
6 2
8 14
9 14
6 8
8 6
9 6
11 5
14 11
1 8
2 13
13 3
3 11
13 7
10 14
9 8
10 12
6 5
8 15
4 10
11 14
4 2
5 12
1 10
10 15
12 4
12 10
7 14
4 13
14 13
5 4
1 11
2 10
8 11
7 1
13 4
9 15
5 10
14 1
4 14
13 8
3 6
12 3
11 7
11 4
7 2
15 6
2 12